5

1 0 1 0 1
1 1 1 0 1
1 0 1 1 1
1 0 1 1 1
1 0 1 1 1

The maximum square submatrix is at (2, 2) with size 3

10

0 1 1 1 1 1 0 1 1 1 
1 0 1 1 0 1 1 1 0 0 
1 0 0 0 1 0 0 0 1 0 
0 1 1 1 0 1 0 0 1 1 
0 0 0 0 0 1 1 0 1 0 
1 1 1 1 0 1 0 1 0 0 
0 0 1 0 1 1 1 0 0 1 
0 0 0 0 1 1 1 1 0 0 
1 0 0 1 1 1 1 1 0 0 
0 0 1 0 0 0 0 0 1 0 

The maximum square submatrix is at (6, 4) with size 3

15

1 1 0 1 1 1 0 1 0 0 1 0 0 0 1 
1 1 0 1 1 1 1 1 1 1 1 0 1 1 0 
1 0 1 0 0 1 1 1 1 0 1 0 0 0 1 
1 1 0 0 0 1 0 1 1 1 1 0 1 1 1 
0 1 1 1 1 1 1 1 1 1 1 1 0 1 1 
1 1 0 0 1 1 1 1 1 1 1 1 1 1 1 
1 1 1 0 1 1 1 1 1 0 0 1 1 1 1 
1 1 1 1 1 1 1 1 1 1 1 1 1 0 0 
0 1 0 1 1 1 1 1 1 1 1 1 0 1 1 
1 1 1 0 1 0 1 1 0 1 1 1 1 0 1 
1 1 0 0 1 1 0 1 0 1 1 1 0 0 1 
0 0 1 0 0 0 0 1 1 1 0 1 1 1 1 
1 1 1 0 1 1 1 1 0 1 0 0 1 1 0 
1 1 1 1 1 0 0 1 0 1 1 1 1 0 1 
1 0 0 0 1 0 1 0 0 0 0 1 1 1 1

The maximum square submatrix is at (4, 4) with size 5